sill1.png 1.122369e+03 0 0 0 1.110314e+03 0 1.095653e+02 1.089183e+02 1 7.442869e-02 -9.958888e-01 5.163251e-02 -4.056304e-01 1.706543e-02 9.138779e-01 -9.110019e-01 -8.896245e-02 -4.026926e-01 6.162886e+01 1.736073e+02 1.304311e+03 
sill2.png 1.122369e+03 0 0 0 1.110314e+03 0 1.095653e+02 1.089183e+02 1 -9.017499e-02 -9.957419e-01 1.914700e-02 -5.531724e-01 3.409011e-02 -8.323690e-01 8.281719e-01 -8.565046e-02 -5.538910e-01 1.101986e+02 1.713986e+02 1.706612e+03 
sill3.png 1.122369e+03 0 0 0 1.110314e+03 0 1.095653e+02 1.089183e+02 1 -6.402821e-03 -9.999783e-01 -1.517866e-03 9.129031e-01 -6.464775e-03 4.081251e-01 -4.081261e-01 1.227488e-03 9.129248e-01 1.510023e+01 1.611064e+02 1.050499e+03 
sill4.png 1.122369e+03 0 0 0 1.110314e+03 0 1.095653e+02 1.089183e+02 1 -5.505780e-02 -9.983112e-01 1.852976e-02 -9.631943e-01 5.799292e-02 2.624759e-01 -2.631072e-01 -3.396417e-03 -9.647606e-01 1.469627e+02 1.553394e+02 1.645664e+03 
sill5.png 1.122369e+03 0 0 0 1.110314e+03 0 1.095653e+02 1.089183e+02 1 3.222389e-03 -9.986859e-01 -5.114677e-02 5.816493e-01 4.347677e-02 -8.122770e-01 8.134333e-01 -2.713201e-02 5.810250e-01 4.051247e+01 1.502437e+02 1.312966e+03 
